NavGraph for maps/Raven_DM1.map loaded okay
Average edge length is 23.7036
Neighborhood range set to 24.7036
Partitioning navgraph nodes...
Loading map...
Creating a Wall
Creating a Wall
Creating a Wall
Creating a Wall
Creating a Wall
Creating a Wall
Creating a Wall
Creating a Wall
Creating a Wall
Creating a Wall
Creating a Wall
Creating a Wall
Creating a Wall
Creating a Wall
Creating a Wall
Creating a Wall
Creating a Wall
Creating a Wall
Creating a Wall
Creating a Wall
Creating a Wall
Creating a Wall
Creating a Wall
Creating a Wall
Creating a Wall
Creating a Wall
Creating a Wall
Creating a Wall
Creating a Wall
Creating a Wall
Creating a Wall
Creating a Wall
Creating a Wall
Creating a Wall
Creating a Wall
Creating a Wall
Creating a Wall
Creating a Wall
Creating a Wall
Creating a Wall
Creating a Wall
Creating a Wall
Creating a Wall
Creating a Wall
Creating a Wall
Creating a Wall
Creating a Wall
Creating a Wall
Creating a Wall
Creating a Wall
Creating a Wall
Creating a Wall
Creating a Wall
Creating a Wall
Creating a Wall
Creating a Wall
Creating a Wall
Creating a Wall
Creating a Spawn Point
Creating a Spawn Point
Creating a Spawn Point
Creating a Health
Creating a Health
Creating a Health
Creating a rocket_launcher
Creating a Railgun
Creating a shotgun
Creating a shotgun
Creating a rocket_launcher
maps/Raven_DM1.map loaded okay

 87.5
 87.5
 87.5
 87.5
 87.5
 87.5
 87.5
 87.5
 87.5
 87.5
 87.5
 87.5
 87.5
 87.5
 87.5
 87.5
 87.5
 87.5
 87.5
 87.5
 87.5
 87.5
 87.5
 87.5
 87.5
 87.5
 87.5
 87.5
 87.5
 87.5
 87.5
 87.5
 87.5
 87.5
 87.5
 87.5
 87.5
 87.5
 87.5
 87.5
 87.5
 87.5
 87.5
 87.5
 87.5
 87.5
 87.5
 87.5
 87.5
 87.5
 87.5
 87.5
 87.5
 87.5
 87.5
 87.5
 87.5
 87.5
 87.5
 87.5
 87.5
 87.5
 87.5
 87.5
 87.5
 87.5
 87.5
 87.5
 87.5
 87.5
 87.5
 87.5
 87.5
 87.5
 87.5
 87.5
 87.5
 87.5
 87.5
 87.5
 87.5
 87.5
 87.5
 87.5
 87.5
 87.5
 87.5
 87.5
 87.5
 87.5
 87.5
 87.5
 87.5
 87.5
 87.5
 87.5
 87.5
 87.5
 87.5
 87.5
 87.5
 87.5
 87.5
 87.5
 87.5
 87.5
 87.5
 87.5
 87.5
 87.5
 87.5
 87.5
 87.5
 87.5
 87.5
 87.5
 87.5
 87.5
 87.5
 87.5
 87.5
 87.5
 87.5
 87.5
 87.5
 87.5
 87.5
 87.5
 87.5
 87.5
 87.5
 87.5
 87.5
 87.5
 87.5
 87.5
 87.5
 87.5
 87.5
 87.5
 87.5
 87.5
 87.5
 87.5
 87.5
 87.5
 87.5
 87.5
 87.5
 87.5
 87.5
 87.5
 87.5
 87.5
 87.5
 87.5
 87.5
 87.5
 87.5
 87.5
 87.5
 87.5
 87.5
 87.5
 87.5
 87.5
 87.5
 87.5
 87.5
 87.5
 87.5
 87.5
 87.5
 87.5
 87.5
 87.5
 87.5
 87.5
 87.5
 87.5
 87.5
 87.5
 87.5
 87.5
 87.5Player Possesses bot 401

 87.5
 87.5
 87.5
 87.5
 87.5
 87.5
 87.5
 87.5
 87.5
 87.5
 87.5
 87.5
 87.5
 87.5
 87.5
 87.5
 87.5
 87.5
 87.5
 87.5
 87.5
 87.5
 87.5
 87.5
 87.5
 87.5
 87.5
 87.5
 87.5
 87.5
 87.5
 87.5
 87.5
 87.5
 87.5
 87.5
 87.5
 87.5
 87.5
 87.5
 87.5
 87.5
 87.5
 87.5
 87.5
 87.5
 87.5
 87.5
 87.5
 87.5
 87.5
 87.5
 87.5
 87.5
 87.5
 87.5
 87.5
 87.5
 87.5
 87.5
 87.5
 87.5
 87.5
 87.5
 87.5
 87.5
 87.5
 87.5
 87.5
 87.5
 87.5
 87.5
 87.5
 87.5
 87.5
 87.5
 87.5
 87.5
 87.5
 87.5
 87.5
 87.5
 87.5
 87.5
 87.5
 87.5
 87.5
 87.5
 87.5
 87.5
 87.5
 87.5
 87.5
 87.5
 87.5
 87.5
 87.5
 87.5
 87.5
 87.5
 87.5
 87.5
 87.5
 87.5
 87.5
 87.5
 87.5
 87.5
 87.5
 87.5
 87.5
 87.5
 87.5
 87.5
 87.5
 87.5
 87.5
 87.5
 87.5
 87.5
 87.5
 87.5
 87.5
 87.5
 87.5
 87.5
 87.5
 87.5
 87.5
 87.5
 87.5
 87.5
 87.5
 87.5
 87.5
 87.5
 87.5
 87.5
 87.5
 87.5
 87.5
 87.5
 87.5
 87.5
 87.5
 87.5
 87.5
 87.5
 87.5
 87.5
 87.5
 87.5
 87.5
 87.5
 87.5
 87.5
 87.5
 87.5
 87.5
 87.5
 87.5
 87.5
 87.5
 87.5
 87.5
 87.5
 87.5
 87.5
 87.5
 87.5
 87.5
 87.5
 87.5
 87.5
 87.5
 87.5
 87.5
 87.5
 87.5
 87.5
 87.5
 87.5
 87.5
 87.5
 87.5
 87.5
 87.5
 87.5
 87.5
 87.5
 87.5
 87.5
 87.5
 52.5375
 51.4723
 50.5098
 49.4561
 48.3574
 47.2368
 46.1062
 44.9713
 43.8351
 42.6992
 42.1634
 41.5645
 41.0305
 40.4314
 39.8993
 39.3003
 38.7702
 38.1714
 37.6436
 37.0451
 36.5196
 35.9214
 35.3984
 34.8007
 34.2805
 33.6833
 33.4273
 32.831
 32.7192
 32.1241
 32.0938
 31.5002
 31.5188
 30.9271
 30.9775
 30.388
 30.4614
 29.8743
 29.9663
 29.3821
 29.4903
 28.9095
 29.0329
 28.6031
 28.7306
 28.2262
 28.3628
 27.8244
 27.9731
 27.4217
 27.584
 27.1666
 27.3318
 26.8425
 27.017
 26.4962
 26.6833
 26.152
 26.2577
 25.8121
 25.8715
 25.3806
 25.4251
 24.9179
 24.9642
 24.4561
 24.5134
 24.0121
 24.0852
 23.5945
 23.6864
 23.2083
 23.3207
 22.8567
 22.9906
 22.5417
 22.6979
 22.2652
 22.444
 22.0285
 22.2303
 21.8329
 22.0577
 21.6793
 21.9271
 21.5687
 21.8393
 21.5015
 21.7946
 21.4782
 21.6267
 21.3203
 21.3809
 21.0788
 21.0917
 20.7909
 20.7794
 20.4783
 20.4551
 20.153
 20.1248
 19.8212
 19.7915
 19.4862
 19.4568
 19.1497
 19.1215
 18.8125
 18.7862
 18.4751
 18.451
 18.1378
 18.1161
 17.8007
 17.7815
 17.4638
 17.4474
 17.1273
 17.1136
 16.7912
 16.7804
 16.4555
 16.4477
 16.1202
 16.1147
 15.7846
 15.7818
 15.449
 15.4493
 15.1136
 15.1173
 14.7787
 14.786
 14.4444
 14.4553
 14.1106
 14.1254
 13.7774
 13.7962
 13.4449
 13.4679
 13.1131
 13.1406
 12.7822
 12.8142
 12.5
 12.5
 12.5
 12.5
 12.5
 12.5
 12.5
 12.5
 12.5
 12.5
 12.5
 12.5BOT 403 IS STUCK!!

 12.5
 12.5
 12.5
 12.5
 12.5
 12.5
 12.5
 12.5
 12.5
 12.5
 12.6599
 12.8447
 13.0757
 13.2924
 13.5651
 13.8153
 14.1243
 14.4067
 14.7478
 15.0602
 15.4293
 15.7689
 16.1629
 16.5269
 16.9426
 17.3284
 17.7632
 18.1684
 18.62
 19.0424
 19.5087
 19.9465
 20.4257
 20.877
 21.1309
 21.5964
 21.746
 21.9956
 22.1053
 22.258
 22.3609
 22.4776
 22.5906
 22.7024
 22.8337
 22.9561
 23.1096
 23.2502
 23.4273
 23.5893
 23.7903
 23.9751
 24.1995
 24.4071
 24.6541
 24.884
 25.1526
 25.4038
 25.6929
 25.9645
 26.2729
 26.5637
 26.8903
 27.1993
 27.5429
 27.8689
 28.0419
 28.3751
 28.45
 28.6176
 28.6396
 28.721
 28.7151
 28.7514
 28.7308
 28.7436
 28.7154
 28.7159
 28.6837
 28.6776
 28.6433
 28.6338
 28.5984
 28.5871
 28.5511
 28.3651
 28.3294
 27.9853
 27.9523
 27.7811
 27.7494
 27.6684
 27.6375
 27.6036
 27.573
 27.564
 27.5335
 27.5375
 27.5072
 27.518
 27.4877
 27.5022
 27.49
 27.5184
 27.5261
 27.5735
 27.6057
 27.6743
 27.7328
 27.8238
 27.9082
 28.0216
 28.131
 28.2668
 28.3999
 28.5576
 28.7134
 28.548
 28.6306
 28.4991
 28.5675
 28.7794
 28.8362
 29.2219
 29.269
 29.7429
 29.7818
 30.301
 30.3329
 30.8757
 30.9019
 31.4571
 31.4785
 32.0407
 32.0582
 32.6245
 32.6333
 33.2021
 33.2093
 33.7799
 33.7857
 34.3576
 34.8664
 35.4408
 35.5518
 36.1266
 36.182
 36.7574
 36.4861
 37.062
 36.6272
 37.2036
 36.687
 37.2639
 36.7063
 37.2837
 36.7056
 37.2835
 36.9944
 37.5728
 36.9946
 37.5743
 37.5828
 38.1632
 37.8682
 38.4492
 38.0023
 38.5838
 38.0609
 38.6428
 38.0818
 38.6642
 38.0841
 38.6181
 38.0284
 38.5384
 37.9438
 38.4427
 37.8455
 38.3401
 37.7416
 38.2352
 37.6359
 38.1304
 37.5308
 38.027
 37.4272
 37.9257
 37.3258
 37.8268
 37.2269
 37.7305
 37.1307
 37.6369
 37.0372
 37.5461
 37.0664
 37.578
 37.0391
 37.5534
 36.9851
 37.5021
 36.9195
 37.4391
 36.8497
 37.372
 36.7794
 37.3044
 36.7106
 37.2382
 36.6442
 37.1744
 36.8778
 37.3036
 37.0665
 37.53
 37.3405
 37.8242
 37.6728
 38.1679
 38.0469
 38.549
 38.4524
 38.9592
 38.911
 39.4213
 38.9514
 39.4673
 39.4798
 39.9983
 39.7105
 40.2317
 39.7946
 40.3186
 39.8076
 40.3343
 40.0793
 40.6084
 40.4048
 40.936
 40.7734
 41.3067
 41.1769
 41.7121
 41.6084
 42.1454
 42.0626
 42.6013
 42.5352
 43.0756
 43.0228
 43.5647
 43.5225
 44.0909
 44.0572
 44.6379
 44.611
 45.1976
 45.1841
 45.7738
 45.1931
 45.7845
 45.7798
 46.3723
 46.0841
 46.6771
 46.2474
 46.8406
 46.3405
 46.9337
 46.3987
 46.9918
 46.7244
 47.3175
 47.1036
 47.6967
 47.5255
 48.1188
 47.9818
 48.5751
 48.4655
 49.0589
 48.9711
 49.5646
 49.4944
 50.0881
 50.0319
 50.6256
 50.5807
 51.1745
 51.152
 56.7444
 57.1682
 57.1663
 57.5818
 57.5803
 57.9927
 57.9914
 58.4036
 58.4026
 58.8159
 58.8151
 59.2306
 59.2299
 59.6478
 59.6473
 60.0679
 60.0675
 60.4908
 60.4904
 60.9165
 60.9162
 61.345
 61.3448
 61.7763
 61.7762
 62.2104
 62.2103
 62.6471
 62.647
 63.0864
 63.0863
 63.5282
 63.5282
 63.6569
 63.6568
 63.9561
 63.9561
 64.1785
 64.1784
 64.4475
 64.4475
 64.6995
 64.6995
 64.9669
 64.9668
 65.2329
 65.2329
 65.506
 65.506
 65.7819
 65.7819
 66.0626
 66.0626
 66.3471
 66.3471
 66.6358
 66.6358
 66.9284
 66.9284
 67.2249
 67.2249
 67.5254
 67.5254
 67.8296
 67.8296
 68.1377
 68.1377
 68.4495
 68.4495
 68.765
 68.765
 69.0841
 69.0841
 69.4068
 69.4068
 69.733
 69.733
 70.0628
 70.0628
 70.396
 70.396
 70.7326
 70.6021
 70.2186
 70.211
 70.3912
 70.6664
 70.9909
 71.3419
 51.5885
 51.0193
 51.0193
 50.5645
 50.5645
 50.3385
 50.3385
 50.2355
 50.2355
 50.2003
 50.2003
 50.204
 50.204
 50.2316
 50.2316
 50.2749
 50.2749
 50.3298
 50.3298
 50.3939
 50.3939
 50.466
 50.466
 50.5456
 50.5456
 50.6322
 50.6322
 50.7256
 50.7256
 50.8257
 50.8257
 50.9325
 50.9325
 51.0458
 51.0458
 51.1655
 51.1655
 51.2303
 51.2303
 51.2696
 51.2696
 51.2988
 51.2988
 51.3259
 51.3259
 51.3551
 51.3551
 51.3885
 51.3885
 51.4273
 51.4273Player is exorcised from bot 401

 51.4721
 51.4721
 51.5232
 51.5232
 51.5806
 51.5806
 51.6446
 51.6446
 51.715
 51.715
 51.792BOT 403 IS STUCK!!

 51.792
 51.8755
 51.8755
 51.9654
 52.2401
 52.3422
 52.5296
 52.6358
 52.9439
 53.0483
 53.4153
 53.5183
 53.9135
 54.0159
 54.4242
 54.527
 54.9409
 55.0447
 55.4607
 55.5656
 55.9821
 56.0883
 56.5044
 56.6121
 57.0273
 57.1365
 57.5507
 57.6614
 58.0746
 58.1867
 58.5989
 58.7125
 59.1235
 59.2386
 59.6486
 59.765
 60.0919
 60.2106
 60.3757
 60.4955
 60.5762
 60.6719
 60.7097
 60.4577
 60.4762
 60.0812
 60.0936
 59.6373
 59.6508
 59.1673
 59.1857
 58.6917
 58.717
 58.2207
 58.2541
 57.7595
 57.8015
 57.3107
 57.3618
 56.8757
 56.9361
 56.4553
 56.5253
 56.0503
 56.13
 55.661
 55.7505
 55.2878
 55.3873
 54.9311
 55.0406
 54.5911
 54.6578
 54.2154
 54.2652
 53.8299
 53.8762
 53.4485
 53.4982
 53.0783
 53.1352
 52.7232
 52.7892
 52.3855
 52.4618
 52.0665
 52.1536
 51.8653
 51.5975
 66.1343
 87.5
 66.7799
 87.5
 67.4438
 68.0015
 87.5
 68.1215
 68.6818
 87.5
 68.8107
 69.3733
 87.5
 69.5099
 70.0748
 87.5
 70.2183
 70.7853
 87.5
 70.9353
 71.5044
 87.5
 71.6606
 72.2316
 87.5
 72.3938
 72.9667
 87.5
 73.1347
 73.7093
 87.5
 73.8831
 74.4593
 87.5
 74.6387
 75.081
 87.5
 75.2671
 75.6441
 87.5
 75.8374
 76.4257
 87.5
 76.6223
 77.065
 87.5
 77.267
 77.6371
 87.5
 77.8456
 78.1815
 87.5
 78.397
 78.9628
 87.5
 79.1813
 79.6073
 87.5
 79.8309
 80.1868
 87.5
 80.4166
 80.7393
 87.5
 80.9757
 81.2843
 87.5
 81.5276
 81.8321
 87.5
 82.0821
 82.3876
 87.5
 82.6444
 82.9533
 87.5
 83.2168
 83.5306
 87.5
 83.8006
 84.1198
 87.5
 84.3407
 84.6648
 87.5
 85.1292
 85.4583
 87.5
 85.9265
 86.2604
 87.5
 86.7322
 87.0709
 87.5
 87.5
 87.5
 87.5
 87.5
 87.5
 87.5
 87.5
 87.5
 87.5
 87.5
 87.5
 87.5
 87.5
 87.5
 87.5
 87.5
 87.5
 87.5
 87.5
 87.5
 87.5
 87.5
 87.5
 87.5
 87.5
 87.5
 87.5
 87.5
 87.5
 87.5
 87.5
 87.5
 87.5
 87.5
 87.5
 87.5
 87.5
 87.5
 87.5
 87.5
 87.5
 87.5
 87.5
 87.5
 87.5
 87.5
 87.5Player is exorcised from bot 497

 74.1999
 73.9459
 73.446
 73.2801
 72.9201
 72.4416
 71.9048
 71.3498
 70.7979
 70.2601
 69.7422
 69.4109
 69.2474
 68.936
 68.7771
 68.4864
 68.3322
 68.062
 67.9128
 67.6629
 67.5188
 67.2886
 67.1497
 66.9385
 66.8048
 66.5598
 66.4292
 66.2072
 66.0804
 65.8805
 65.758
 65.5795
 65.462
 65.2983
 65.1862
 65.0321
 64.9256
 64.778
 64.6773
 64.5342
 64.4394
 64.2997
 64.2282
 64.0908
 64.0134Player is exorcised from bot 401

 63.8086
 63.7314
 87.5
 63.6224
 63.5484
 87.5
 63.4021
 63.3328
 87.5
 63.1668
 63.1029
 87.5Player Possesses bot 497

 62.9258
 62.8677
 62.6836
 62.6316
 62.3562
 62.3103
 61.9888
 61.9491
 61.6047
 61.5714
 68.8821
 61.216
 61.1892
 68.9691
 60.8293
 60.8093
 69.0682
 60.4484
 60.4353
 69.1782
 60.0758
 60.0699
 69.2979
 59.7133
 59.7148
 69.426
 59.3625
 59.3716
 69.561
 59.0248
 59.0418
 69.7016
 58.7019
 58.727
 69.8462
 58.3954
 58.4288
 58.1069
 58.1489
 57.8384
 57.8892
 57.3495
 57.408
 56.8082
 56.8728BOT 403 IS STUCK!!

 56.5598
 56.6275
 56.1769
 56.2485
 55.7284
 55.8045
 55.2492
 55.3299
 54.7565
 54.5271
 53.9443
 53.871
 53.283
 53.1366
 52.5456
 52.4443
 51.8514
 51.735
 51.1408
 51.0406
 50.4454
 50.3454
 49.7494
 49.6582
 49.0615
 48.9748
 48.3775
 48.2978
 47.6999
 47.6263
 47.0279
 46.9611
 46.3622
 45.7028
 45.2918
 45.3198
 44.8865
 45.3365
 44.8999
 45.3498
 44.9041
 45.3539
 45.0601
 45.5089
 45.2897
 45.7372
 45.5562
 46.0022
 45.8471
 46.2917
 46.157
 46.6001
 46.4835
 46.925
 46.8259
 47.266
 47.1845
 47.623
 47.2391
 47.6772
 47.1795
 47.6182
 47.087
 47.5268
 46.983
 47.424
 47.0796
 47.4316
 47.1896
 47.5789
 47.3837
 47.7908
 47.6185
 48.0338
 56.8325
 47.8766
 48.2952
 57.0504
 48.1527
 48.5724
 57.1603
 48.4443
 48.8638
 57.2161
 48.7503
 49.169
 57.2447
 49.0704
 49.4881
 57.2597
 49.405
 49.8214
 57.268
 49.7545
 50.1696
 57.2728
 50.1196
 50.5334
 57.276
 50.5012
 50.9137
 57.2782
 50.9002
 51.3113
 57.2801
 51.3176
 51.7274
 57.2818
 51.7545
 52.1631
 57.2833
 52.2124
 52.6197
 57.2848
 52.5708
 52.9775
 57.2863
 52.8648
 53.2715
 57.2877
 53.1219
 53.5291
 57.2892
 53.3624
 53.7709
 57.2906
 53.6012
 54.0112
 57.3924
 53.8492
 54.2613
 57.546
 54.1145
 54.5291
 57.7288
 54.0588
 54.4738
 57.8364
 54.1712
 54.5856
 57.9089
 54.1449
 54.56
 57.9658
 54.1186
 54.5339
 58.016
 54.1024
 54.5179
 58.1568
 54.008
 54.4214
 58.1772
 53.8712
 54.2881
 58.1406
 53.7171
 54.1354
 58.0749
 53.5536
 53.9747
 57.9963
 53.4543
 53.8762
 57.9116
 53.3182
 53.7419
 57.8249
 53.1646
 53.5905
 57.7379
 53.0032
 53.4316
 57.6517
 52.839
 53.27
 57.5666
 52.6746
 53.1083
 57.483
 52.5666
 53.0014
 57.4009
 52.4303
 52.8672
 57.3204
 52.2813
 52.7206
 57.2415
 52.2516
 52.6935
 57.1643
 52.1489
 52.592
 57.0888
 52.0196
 52.4648
 57.0149
 51.8791
 52.327
 56.9428
 51.735
 52.1859
 56.8723
 51.6176
 52.0699
 56.8108
 51.4872
 51.942
 56.7557
 51.6123
 51.8545
 56.5226
 51.601
 51.7366
 56.3132
 51.5312
 51.615
 56.4745
 51.4391
 51.4997
 56.9633
 51.4101
 51.465
 57.5521
 51.4287
 51.487
 58.3281
 51.4859
 51.5524
 59.1115
 51.5768
 51.6538
 59.8998
 51.6981
 51.7867
 60.6931
 51.6952
 51.7937
 61.4895
 51.7928
 51.9027
 62.2865
 51.9564
 52.0784
 63.0815
 52.1673
 52.3015
 63.8712
 52.4152
 52.5617
 64.6524
 52.6943
 52.8529
 65.4212
 53.0013
 53.172
 66.2308
 53.3343
 53.4302
 66.9528
 53.6055
 53.6686
 67.5602
 53.8563
 53.9081
 68.1069
 54.1078
 54.1596
 68.6217
 54.3312
 54.3827
 69.1197
 54.5301
 54.5814
 69.6089
 54.7133
 54.7644
 70.0937
 54.8872
 54.9381
 70.5763
 55.0557
 55.1067
 71.0578
 55.2213
 54.9993
 71.2594
 55.1176
 55.0359
 71.6079
 55.1561
 55.1471
 72.0332
 55.2681
 55.2973
 72.4991
 55.4186
 55.1837
 72.688
 55.3109
 55.2337
 73.046
 55.3639
 55.3686
 73.4925
 55.5001
 55.5478
 73.9857
 55.6801
 55.4739
 74.2051
 55.6123
 55.5615
 74.5037
 55.7029
 55.7327
 74.8443
 55.8755
 55.6617
 74.8931
 55.8115
 55.7679
 75.1209
 55.9212
 55.9017
 75.3471
 55.95
 55.946
 75.5817
 55.9372
 55.942
 75.83
 55.9033
 55.9127
 76.094
 55.8585
 55.8705
 76.3743
 55.8083
 55.8216
 76.671
 55.7553
 55.7693
 76.984
 55.7009
 55.7152
 77.313
 55.6457
 55.6603
 77.6577
 55.5902
 55.6049
 78.018
 55.5345
 55.5493
 78.3935
 55.4787
 55.4936
 78.7841
 55.4229
 55.4378
 79.1895
 55.367
 55.382
 79.6094
 55.3111
 55.3262
 80.0438
 55.2553
 55.2703
 80.4923
 55.1994
 55.2145
 80.9547
 55.1435
 55.1495
 81.4218
 55.1848
 55.1862
 81.8978
 55.2768
 55.2759
 82.3846
 55.3953
 55.3932
 82.8832
 55.5275
 55.5249
 83.3939
 55.6669
 55.6642
 83.917
 55.8102
 55.8074
 84.3718
 55.9555
 55.9528
 84.8609
 56.1018
 56.0993
 85.3735
 56.2487
 56.2463
 85.904
 56.3959
 56.3937
 86.4494
 56.5432
 56.5412
 87.0083
 56.6907
 56.6889
 87.5
 56.8382
 56.8366
 87.5
 56.9857
 56.9843
 87.5
 57.1333
 57.132
 87.5
 57.2808
 57.3458
 87.5
 57.3487
 57.4538
 87.5
 57.3888
 57.5205
 87.5
 57.4284
 57.5793
 87.5
 57.4805
 57.6468
 87.5
 57.551
 57.7306
 87.5
 57.6423
 57.8341
 87.5
 57.7555
 57.9588
 87.5
 57.8908
 58.1053
 87.5
 58.0483
 58.2736
 87.5
 58.2278
 58.4637
 87.5
 58.4292
 58.6755
 87.5
 58.6522
 58.9087
 87.5
 58.8966
 59.1631BOT 403 IS STUCK!!

 87.5
 59.1621
 59.4385
 87.5
 59.4484
 59.7345
 87.5
 59.7553
 59.8351
 87.5
 59.867
 59.845
 87.5
 59.8057
 59.7362
 87.5
 59.6649
 59.5761
 87.5
 59.4936
 59.4001
 87.5
 59.317
 59.0663
 87.5
 58.9877
 58.8341
 87.5
 58.7634
 58.5201
 87.5
 58.4586
 58.1733
 87.5
 87.5
 87.5
 87.5
 87.5
 87.5
 87.5
 87.5
 87.5
 87.5
 87.5
 87.5
 87.5
 87.5
 87.5
 87.5
 87.5
 87.5
 87.5
 87.5
 87.5
 87.5
 87.5
 87.5
 87.5
 87.5
 87.5
 87.5
 87.5
 87.5
 87.5
 87.5
 87.5
 87.5
 26.8199
 26.8107
 26.8139
 26.8294
 26.8571
 26.897
 26.9491
 27.0133
 27.0896BOT 401 IS STUCK!!

 27.1778
 27.2778
 27.2688
 27.4769
 27.7964
 28.1747
 28.5854
 29.0151
 29.4567
 29.9068
 30.3632
 30.8251
 31.2918
 31.7628
 32.2379
 32.7168
 33.1995
 33.6856
 34.1752
 34.668
 35.1639
 35.6628
 36.1646
 36.6691
 37.1763
 37.686
 38.1983
 38.7128
 39.2297
 39.7488
 40.2699
 40.6883
 41.0769
 41.4519
 41.8222
 42.1923
 42.5646
 42.9403
 43.3201
 43.7041
 44.0924
 44.4851
 44.8821
 45.2832
 45.6885
 46.0978
 46.511
 46.9281
 47.3489
 47.7733
 48.2012
 48.4362
 48.5754
 48.6688
 48.7421
 48.8084
 48.8745
 48.9438
 49.0181
 49.0982
 49.1847
 49.2778
 49.3775
 49.4838
 49.5968
 49.7164
 49.8426
 49.9754
 50.1147
 50.2604
 87.5
 87.5
 87.5
 87.5
 87.5
 87.5
 87.5
 87.5
 87.5
 87.5
 87.5
 87.5
 87.5
 87.5
 87.5
 87.5
 42.5355
 87.5
 42.5381
 87.5
 42.6481
 87.5
 42.9908
 87.5
 43.4642
 87.5
 44.0144
 87.5
 44.6129
 87.5
 45.2441
 87.5
 45.8997
 87.5
 46.5748
 87.5
 47.2667
 87.5
 47.9737
 87.5
 48.6944
 87.5
 49.4282
 87.5
 50.1742
 87.5
 50.9319
 87.5
 51.7007
 87.5
 52.4802
 87.5
 53.2699
 87.5
 53.9536
 87.5
 54.579
 87.5
 55.175
 87.5
 55.7505
 87.5
 56.3168
 87.5
 56.8795
 87.5
 57.4414
 87.5
 58.004
 87.5
 58.5679
 87.5
 59.1336
 87.5
 59.7011
 87.5
 60.2705
 87.5
 60.8418
 87.5
 61.4149
 87.5
 61.9899
 87.5
 62.5667
 87.5
 63.1453
 87.5
 63.7053
 87.5
 64.2564
 87.5
 64.8037
 87.5
 65.3497
 87.5
 65.8957
 87.5
 66.4424
 87.5
 66.9902
 87.5
 67.5393
 87.5
 68.0896
 87.5
 68.6361
 87.5
 68.873
 87.5
 69.6993
 87.5
 70.1857
 87.5
 70.5047
 87.5
 70.7436
 87.5
 70.9459
 87.5
 71.1336
 87.5
 71.9229
 87.5
 72.4012
 87.5
 72.7212
 87.5
 72.9621
 87.5
 73.8043
 87.5
 74.2981
 87.5
 74.7926
 87.5
 75.3859
 87.5
 76.0719
 87.415
 76.733
 86.4158
 77.4218
 85.3072
 78.1122
 84.1985
 78.8041
 83.0899
 79.4689
 82.0907
 80.1633
 80.9821
 80.8298
 79.9828
 81.5265
 78.8742
 82.2246
 77.7657
 82.8934
 76.7664
 83.5937
 75.6578
 75.221
 74.771
 74.2252
 73.8501
 73.4132
 73.0794
 72.5325
 72.2218
 71.6741
 71.3768
 70.9379
 70.6491
 70.0995
 69.8161
 69.2656
 68.9862
 68.545
 68.2691
 67.7165
 67.4435
 67.0005
 66.7304
 66.1757
 65.9082
 65.4635
 65.1989
 64.6419
 64.3799
 63.9334
 63.6743
 63.1151
 62.8587
 62.2984
 62.0448
 61.5956
 61.3452
 60.7825
 60.9001
 60.3362
 60.279
 59.7138
 59.7511
 59.2978
 59.2929
 58.725
 58.7479
 58.2926
 58.3076
 57.7371
 57.7625
 57.305
 57.3317
 56.7586
 56.7912
 56.2168
 56.2529
 55.6772
 55.7181
 55.2566
 55.3021
 54.7239
 54.7741
 54.1946
 54.2494
 53.7849
 54.0623
 53.4819
 53.5934
 53.0142
 53.0443
 52.4668
 52.4594
 51.999
 51.9766
 51.4034
 51.6324
 51.1755
 51.272
 50.7033
 50.7354
 50.1695
 50.1725
 49.6097
 49.8028BOT 497 IS STUCK!!

 49.355
 49.7099
 49.153
 49.4728
 49.0298
 49.3099
 48.7595
 49.0263
 48.5888
 48.763
 48.2201
 48.3128
 47.7743
 47.757
 47.3297
 47.2572
 46.7246
 47.2018
 46.6721
 47.1222
 46.596
 47.0351
 46.5129
 46.9493
 46.4313
 46.8694
 46.3558
 46.7976
 46.2886
 46.791
 46.2862
 46.7634
 46.263
 46.7301
 46.2345
 46.6992
 46.2087
 46.6749
 46.1896
 46.6593
 46.1792
 46.6534
 46.1788
 46.708
 46.2382
 46.7194
 46.2551
 46.2353
 45.7743
 45.5013
 45.1339
 44.7338
 44.2757
 43.8115
 43.3546
 43.4147
 42.9606
 42.7374
 42.3776
 42.0158
 41.5713
 41.1438
 40.7057
 40.2735
 39.9291
 39.978
 39.5542
 39.718
 39.3046
 39.7133
 39.309
 39.7109
 39.3161
 39.7378
 39.3525
 39.8208
 39.4448
 39.9095
 39.543
 40.0767
 39.7187
 40.313
 39.9615
 40.0172
 39.6692
 39.2383
 38.8911
 39.0226
 38.6787
 38.997
 38.6558
 39.0668
 38.728
 39.1849
 38.8482
 39.3274
 38.9928
 39.5034
 39.171
 39.7644
 39.437
 40.0324
 39.7101
 40.2976
 39.98
 40.473
 40.1574
 40.6853
 40.3723
 40.8386
 40.5273
 40.9564
 40.6461
 40.953
 40.6428
 40.5215
 40.2158
 39.8837
 39.5851
 39.1517
 38.8617
 38.9443
 38.6617
 38.9347
 38.6568
 39.0222
 38.7476
 39.1579
 38.8858
 39.2182
 38.9466
 39.3294
 39.0587
 39.3879
 39.1176
 39.5511
 39.2825
 39.7569
 39.4904
 39.8852
 39.6197
 40.0022
 39.7378
 40.288
 40.0273
 40.6085
 40.3529
 40.8634
 40.6106
 40.8552
 40.611
 40.722
 40.3066
 40.3522
 39.8721
 39.886
 39.3714
 39.3709
 38.8376
 38.8319
 38.2881
 38.2821
 37.7319
 37.4347
 36.9939
 36.5493
 36.3288
 35.809
 35.707
 35.149
 35.1131
 34.5355
 34.5387
 33.9509
 33.9789
 33.9832
 34.0296
 34.2387
 34.303
 34.6221
 34.7035
 35.0842
 35.1821
 35.4688
 35.5848
 35.9659
 36.0983
 36.592
 36.6197
 37.1067
 37.3322
 37.8194
 38.1476
 38.6382
 39.0215
 39.5168
 39.931
 40.4314
 40.8645
 41.4058
 41.849
 42.372
 42.8235
 43.3391
 43.7976
 44.3117
 44.7763
 45.2917
 45.762
 46.3013
 46.7749
 47.3012
 47.7788
 48.2997
 48.7816
 49.3011
 49.7874
 50.3122
 50.8027
 51.3275
 51.822
 52.3485
 52.8469
 53.3756
 53.8777
 54.409
 54.9145
 55.4484
 55.9573
 56.4938
 57.0058
 57.5148
 58.0281
 58.547
 59.0625
 59.5936
 60.112
 60.6423
 61.1635
 61.7291
 62.2521
 62.8343
 63.3588
 63.8709
 64.3959
 64.8817
 65.4084
 65.9501
 66.4781
 67.0473
 67.5763
 68.159
 68.689
 69.1911
 69.7212
 70
 70.5319
 70.9694
 71.5025
 72.0186
 72.5527
 73.1077
 73.6426
 74.1212
 74.6561
 74.7163
 75.2526
 75.5796
 76.1169
 76.7155
 77.2535
 77.3285
 77.868
 78.2009
 78.7413
 79.0987
 79.6393
 79.5741
 80.1157
 80.3777
 80.9201
 81.3453
 81.8882
 82.3948
 82.9382
 83.4853
 84.0292
 84.4854
 85.0292
 84.9949
 85.5394
 85.261
 85.8066
 85.4074
 85.9544
 85.4961
 86.0444
 85.9954
 86.5441
 86.2645
 86.8142
 86.9663
 87.5
 87.5
 87.5
 87.5
 87.5
 87.5
 87.5
 87.5
 87.5
 87.5
 87.5
 87.5
 87.5
 87.5
 87.5
 87.5
 87.5
 87.5
 87.5
 87.5
 87.5
 87.5
 87.5
 87.5
 87.5
 87.5
 87.5
 87.5
 87.5
 87.5
 87.5
 87.5
 87.5
 87.5
 87.5
 87.5
 87.5
 87.5
 87.5
 87.5
 87.5
 87.5
 87.5
 87.5
 87.5
 87.5
 87.5
 87.5
 87.5
 87.5
 87.5
 87.5
 87.5
 87.5
 87.5
 87.5
 87.5
 87.5
 87.5
 87.5
 87.5
 87.5
 87.5
 87.5
 87.5
 87.5
 87.5
 87.5
 87.5
 87.5
 87.5
 87.5
 87.5
 87.5
 87.5
 87.5
 87.5
 87.5
 87.5
 87.5
 87.5
 87.5
 87.5
 87.5
 87.5
 87.5
 87.5
 87.5
 87.5
 87.5
 87.5
 87.5
 87.5
 87.5
 87.5
 87.5
 87.5
 87.5
 87.5
 87.5
 87.5
 87.5
 87.5
 87.5
 87.5
 87.5
 87.5
 87.5
 87.5
 87.5
 87.5
 87.5
 87.5
 87.5
 87.5
 87.5
 87.5
 87.5
 87.5
 87.5
 87.5
 87.5
 87.5
 87.5
 87.5
 87.5
 87.5
 87.5
 87.5
 87.5
 87.5
 87.5
 87.5
 87.5
 87.5
 87.5
 87.5
 87.5
 87.5
 87.5
 87.1601
 86.8112
 86.4649
 86.1214
 85.7806
 85.4426
 85.276
 85.2009
 85.1758
 85.1788
 85.1984
 85.2289
 85.2669
 85.3108
 85.3598
 85.3334
 85.0303
 84.5882
 84.0766
 83.5305
 82.9675
 82.3961
 81.8207
 81.2435
 80.6656
 80.0875
 79.5094
 78.9314
 78.3538
 77.7764
 77.1994
 76.6226
 76.0463
 75.7676
 75.6382
 75.5838
 75.5674
 75.5704
 75.5835
 75.602
 75.6236
 75.6471
 75.6721
 75.6981
 75.725
 75.7528
 75.7814
 75.8109
 75.8411
 75.8721
 75.9039
 75.9364
 75.9698
 76.0039
 76.0388
 76.0745
 76.1109
 76.1481
 76.1861
 76.2249
 76.2644
 76.3047
 76.3458
 76.3876
 76.4302
 76.4736
 76.5177
 76.5626
 76.6083
 76.6547
 76.7018
 76.7497
 77.2347
 77.5296
 77.9211
 78.2686
 78.6437
 79.0102
 79.3864
 79.7631
 80.2791
 80.6607
 81.1782
 81.5637
 81.6352
 82.1717
 82.2863
 82.8358
 82.9559
 83.5124
 83.636
 84.2002
 84.3277
 84.8994
 85.0307
 85.6098
 85.97
 86.4403
 86.8587
 87.3074
 87.5
 87.5
 87.5
 87.5
 87.5
 87.5
 87.5
 87.5
 87.5
 87.5
 87.5
 87.5
 87.5
 87.5
 87.5
 87.5BOT 497 IS STUCK!!

 87.5
 87.5
 87.5
 87.5
 87.5
 87.5
 87.5
 87.5
 87.5
 87.5
 87.5
 87.5
 87.5
 87.5
 87.5
 87.5
 87.5
 87.5
 87.5
 87.5
 87.5
 87.5
 87.5
 87.5
 87.5
 87.5
 87.5
 87.5
 87.5
 87.5
 87.5
 87.5
 87.5
 87.5
 87.5
 87.5
 87.5
 87.5
 87.5
 87.5
 87.5
 87.5
 87.5
 87.5
 87.5
 87.5
 87.5
 87.5
 87.5
 87.5
 87.5
 87.5
 87.5
 87.5
 87.5
 51.4637
 87.5
 51.089
 87.5
 50.4144
 87.5
 49.5899
 87.5
 48.6926
 87.5
 47.9026
 87.5
 46.9769
 87.5
 46.5502
 87.5
 46.4618
 87.5
 46.549
 46.2229
 46.7279
 46.4075
 46.9567
 46.6421
 47.214
 46.9668
 47.5504
 47.247
 47.837
 47.5396
 48.1332
 47.842
 48.4377
 48.1525
 48.7495
 48.4704
 49.0683
 48.7951
 49.3937
 49.1265
 49.7256
 49.5161
 50.1155
 49.859
 50.4586
 50.2079
 50.8078
 50.6114
 51.2113
 50.971
 51.571
 51.3828
 51.9828
 51.7526
 52.2963
 52.0692
 52.557
 52.332
 52.7959
 52.5726
 53.0304
 52.8089
 53.2697
 53.0499
 53.5176
 53.2996
 53.7758
 53.5598
 54.0452
 53.8313
 54.3261
 54.1144
 54.6186
 54.4092
 54.9214
 54.7145
 55.236
 55.0317
 55.5609
 55.3594
 55.8963
 55.6976
 56.2419
 56.0463
 56.5978
 56.4053
 56.9637
 56.7747
 49.9376
 57.3396
 57.1541
 49.6639
 57.7252
 57.5434
 49.3891
 58.1202
 57.9422
 49.1149
 58.5198
 58.3472
 48.8405
 58.9258
 58.7593
 48.5662
 59.3392
 59.179
 48.2918
 59.7604
 59.6069
 48.0175
 60.1898
 60.0428
 47.7433
 60.6273
 60.4869
 47.469
 61.0728
 60.939
 47.1948
 61.5263
 61.399
 46.9206
 61.9876
 61.8667
 46.6464
 62.4565
 62.3645
 46.3843
 62.9553
 62.846
 46.1101
 63.4378
 63.3347
 45.8359
 63.9275
 63.8305
 45.5618
 64.4243
 45.5062
 45.2876
 64.9279
 45.2326
 45.0136
 65.4383
 44.959
 44.7395
 65.9552
 44.6854
 44.4655
 66.4752
 44.4119
 44.1915
 66.9977
 44.1384
 43.9175
 67.5228
 43.865
 43.6436
 68.0505
 43.5915
 43.3697
 68.5811
 43.3182
 43.0958
 69.1144
 43.0448
 42.822
 69.6507
 42.7715
 42.5481
 70.1898
 42.4982
 42.3213
 70.7318
 42.2717
 42.4801
 71.2765
 42.4342
 42.8349
 71.8239
 42.7943
 43.2912
 72.374
 43.2567
 43.8015
 72.9268
 43.7733
 44.3418
 73.4821
 44.5105
 45.0904
 74.2304
 44.8781
 45.4639
 74.5947
 45.0594
 45.6481
 74.7662
 45.1472
 45.7375
 74.8411
 45.1882
 45.7794
 74.8679
 45.2059
 45.7975
 74.8707
 45.2118
 45.8037
 74.8616
 45.212
 45.804
 74.8465
 45.2092
 45.8014
 74.8287
 45.205
 45.7973
 74.8095
 45.2002
 45.7926
 74.7897
 45.195
 45.7875
 74.7697
 45.1897
 45.7822
 74.7497
 45.1843
 45.777
 74.7298
 45.1789
 45.7717
 74.5943
 45.1736
 45.7664
 74.5116
 45.1682
 45.7612
 74.4553
 45.163
 45.756
 74.4125
 45.1577
 45.7508
 74.3764
 45.1525
 45.7457
 74.3439
 45.1473
 45.7406
 74.3134
 45.1422
 45.7356
 74.2839
 45.1372
 45.7306
 74.2551
 45.1321
 45.7257
 74.2269
 45.1271
 45.7208
 74.199
 45.1222
 45.7159
 74.1715
 45.1173
 45.7111
 74.1444
 45.1124
 45.7063
 74.1175
 45.1076
 45.7016
 74.0909
 45.1029
 45.6969
 74.0647
 45.0981
 45.6922
 74.0387
 45.0934
 45.6876
 74.0131
 45.0888
 45.6831
 73.9877
 45.0842
 45.6785
 73.9627
 74.5376
 87.5
 87.5
 87.5
 87.5
 87.5
 87.5
 87.5
 87.5
 87.5
 87.5
 87.5
 87.5
 87.5
 87.5
 87.5
 87.5
 87.5
 87.5
 87.5
 87.5
 87.5
 87.5
 87.5
 87.5
 87.5
 87.5
 87.5
 87.5
 87.5
 87.5
 87.5
 87.5
 87.5
 87.5
 87.5
 87.5
 87.5
 87.5
 87.5
 87.5
 87.5
 87.5
 87.5
 87.5
 87.5
 87.5
 87.5
 87.5
 87.5
 87.5
 87.5
 87.5
 87.5
 87.5
 87.5
 87.5
 87.5
 87.5
 87.5
 87.5
 87.5
 87.5
 87.5
 87.5
 87.5
 87.5
 87.5
 87.5
 87.5
 87.5
 87.5
 87.5
 87.5
 87.5
 87.5
 87.5
 87.5
 87.5
 87.5
 87.5
 87.5
 87.5
 87.5
 87.5
 87.5
 87.5
 87.5
 87.5
 87.5
 87.5
 87.5
 87.5
 87.5
 87.5
 87.5
 87.5
 87.5
 87.5
 87.5
 87.5
 87.5
 87.5
 87.5
 87.5
 87.5
 87.5
 87.5
 87.5
 87.5
 87.5
 87.5
 87.5
 87.5
 87.5
 87.5
 87.5
 87.5
 87.5
 87.5
 87.5
 87.5
 87.5
 87.5
 87.5
 87.5
 87.5
 87.5
 87.5
 87.5
 87.5
 87.5
 87.5
 87.5
 87.5BOT 401 IS STUCK!!
BOT 403 IS STUCK!!
BOT 402 IS STUCK!!
deleting raven bot (id = 401)
deleting raven bot (id = 402)
deleting raven bot (id = 403)
deleting raven bot (id = 497)
